0.021276596 1
0.022233315 1
0.023190033 1
0.024146752 1
0.025103471 1
0.026060190 1
0.027016909 1
0.027973628 1
0.028930347 1
0.029887066 1
0.030843784 1
0.031800503 1
0.032757222 1
0.033713941 1
0.034670660 1
0.035627379 1
0.036584098 1
0.037540817 1
0.038497535 1
0.039454254 1
0.040410973 1
0.041367692 1
0.042324411 1
0.043281130 1
0.044237849 1
0.045194568 1
0.046151286 1
0.047108005 1
0.048064724 1
0.049021443 1
0.049978162 1
0.050934881 1
0.051891600 1
0.052848318 1
0.053805037 1
0.054761756 1
0.055718475 1
0.056675194 1
0.057631913 1
0.058588632 1
0.059545351 1
0.060502069 1
0.061458788 1
0.062415507 1
0.063372226 1
0.064328945 1
0.065285664 1
0.066242383 1
0.067199102 1
0.068155820 1
0.069112539 1
0.070069258 1
0.071025977 1
0.071982696 1
0.072939415 1
0.073896134 1
0.074852852 1
0.075809571 1
0.076766290 1
0.077723009 1
0.078679728 1
0.079636447 1
0.080593166 1
0.081549885 1
0.082506603 1
0.083463322 1
0.084420041 1
0.085376760 1
0.086333479 1
0.087290198 1
0.088246917 1
0.089203636 1
0.090160354 1
0.091117073 1
0.092073792 1
0.093030511 1
0.093987230 1
0.094943949 1
0.095900668 1
0.096857386 1
0.097814105 1
0.098770824 1
0.099727543 1
0.100684262 1
0.101640981 1
0.102597700 1
0.103554419 1
0.104511137 1
0.105467856 1
0.106424575 1
0.107381294 1
0.108338013 1
0.109294732 1
0.110251451 1
0.111208170 1
0.112164888 1
0.113121607 1
0.114078326 1
0.115035045 1
0.115991764 1
0.116948483 1
0.117905202 1
0.118861921 1
0.119818639 1
0.120775358 1
0.121732077 1
0.122688796 1
0.123645515 1
0.124602234 1
0.125558953 1
0.126515671 1
0.127472390 1
0.128429109 1
0.129385828 1
0.130342547 1
0.131299266 1
0.132255985 1
0.133212704 1
0.134169422 1
0.135126141 1
0.136082860 1
0.137039579 1
0.137996298 1
0.138953017 1
0.139909736 1
0.140866455 1
0.141823173 1
0.142779892 1
0.143736611 1
0.144693330 1
0.145650049 1
0.146606768 1
0.147563487 1
0.148520205 1
0.149476924 1
0.150433643 1
0.151390362 1
0.152347081 1
0.153303800 1
0.154260519 1
0.155217238 1
0.156173956 1
0.157130675 1
0.158087394 1
0.159044113 1
0.160000832 1
0.160957551 1
0.161914270 1
0.162870989 1
0.163827707 1
0.164784426 1
0.165741145 1
0.166697864 1
0.167654583 1
0.168611302 1
0.169568021 1
0.170524740 1
0.171481458 1
0.172438177 1
0.173394896 1
0.174351615 1
0.175308334 1
0.176265053 1
0.177221772 1
0.178178490 1
0.179135209 1
0.180091928 1
0.181048647 1
0.182005366 1
0.182962085 1
0.183918804 1
0.184875523 1
0.185832241 1
0.186788960 1
0.187745679 1
0.188702398 1
0.189659117 1
0.190615836 1
0.191572555 1
0.192529274 1
0.193485992 1
0.194442711 1
0.195399430 1
0.196356149 1
0.197312868 1
0.198269587 1
0.199226306 1
0.200183024 1
0.201139743 1
0.202096462 1
0.203053181 1
0.204009900 1
0.204966619 1
0.205923338 1
0.206880057 1
0.207836775 1
0.208793494 1
0.209750213 1
0.210706932 1
0.211663651 1
0.212620370 1
0.213577089 1
0.214533808 1
0.215490526 1
0.216447245 1
0.217403964 1
0.218360683 1
0.219317402 1
0.220274121 1
0.221230840 1
0.222187558 1
0.223144277 1
0.224100996 1
0.225057715 1
0.226014434 1
0.226971153 1
0.227927872 1
0.228884591 1
0.229841309 1
0.230798028 1
0.231754747 1
0.232711466 1
0.233668185 1
0.234624904 1
0.235581623 1
0.236538342 1
0.237495060 1
0.238451779 1
0.239408498 1
0.240365217 1
0.241321936 1
0.242278655 1
0.243235374 1
0.244192093 1
0.245148811 1
0.246105530 1
0.247062249 1
0.248018968 1
0.248975687 1
0.249932406 1
0.250889125 1
0.251845843 1
0.252802562 1
0.253759281 1
0.254716000 1
0.255672719 1
0.256629438 1
0.257586157 1
0.258542876 1
0.259499594 1
0.260456313 1
0.261413032 1
0.262369751 1
0.263326470 1
0.264283189 1
0.265239908 1
0.266196627 1
0.267153345 1
0.268110064 1
0.269066783 1
0.270023502 1
0.270980221 1
0.271936940 1
0.272893659 1
0.273850377 1
0.274807096 1
0.275763815 1
0.276720534 1
0.277677253 1
0.278633972 1
0.279590691 1
0.280547410 1
0.281504128 1
0.282460847 1
0.283417566 1
0.284374285 1
0.285331004 1
0.286287723 1
0.287244442 1
0.288201161 1
0.289157879 1
0.290114598 1
0.291071317 1
0.292028036 1
0.292984755 1
0.293941474 1
0.294898193 1
0.295854912 1
0.296811630 1
0.297768349 1
0.298725068 1
0.299681787 1
0.300638506 1
0.301595225 1
0.302551944 1
0.303508662 1
0.304465381 1
0.305422100 1
0.306378819 1
0.307335538 1
0.308292257 1
0.309248976 1
0.310205695 1
0.311162413 1
0.312119132 1
0.313075851 1
0.314032570 1
0.314989289 1
0.315946008 1
0.316902727 1
0.317859446 1
0.318816164 1
0.319772883 1
0.320729602 1
0.321686321 1
0.322643040 1
0.323599759 1
0.324556478 1
0.325513196 1
0.326469915 1
0.327426634 1
0.328383353 1
0.329340072 1
0.330296791 1
0.331253510 1
0.332210229 1
0.333166947 1
0.334123666 1
0.335080385 1
0.336037104 1
0.336993823 1
0.337950542 1
0.338907261 1
0.339863980 1
0.340820698 1
0.341777417 1
0.342734136 1
0.343690855 1
0.344647574 1
0.345604293 1
0.346561012 1
0.347517730 1
0.348474449 1
0.349431168 1
0.350387887 1
0.351344606 1
0.352301325 1
0.353258044 1
0.354214763 1
0.355171481 1
0.356128200 1
0.357084919 1
0.358041638 1
0.358998357 1
0.359955076 1
0.360911795 1
0.361868514 1
0.362825232 1
0.363781951 1
0.364738670 1
0.365695389 1
0.366652108 1
0.367608827 1
0.368565546 1
0.369522265 1
0.370478983 1
0.371435702 1
0.372392421 1
0.373349140 1
0.374305859 1
0.375262578 1
0.376219297 1
0.377176015 1
0.378132734 1
0.379089453 1
0.380046172 1
0.381002891 1
0.381959610 1
0.382916329 1
0.383873048 1
0.384829766 1
0.385786485 1
0.386743204 1
0.387699923 1
0.388656642 1
0.389613361 1
0.390570080 1
0.391526799 1
0.392483517 1
0.393440236 1
0.394396955 1
0.395353674 1
0.396310393 1
0.397267112 1
0.398223831 1
0.399180549 1
0.400137268 1
0.401093987 1
0.402050706 1
0.403007425 1
0.403964144 1
0.404920863 1
0.405877582 1
0.406834300 1
0.407791019 1
0.408747738 1
0.409704457 1
0.410661176 1
0.411617895 1
0.412574614 1
0.413531333 1
0.414488051 1
0.415444770 1
0.416401489 1
0.417358208 1
0.418314927 1
0.419271646 1
0.420228365 1
0.421185084 1
0.422141802 1
0.423098521 1
0.424055240 1
0.425011959 1
0.425968678 1
0.426925397 1
0.427882116 1
0.428838834 1
0.429795553 1
0.430752272 1
0.431708991 1
0.432665710 1
0.433622429 1
0.434579148 1
0.435535867 1
0.436492585 1
0.437449304 1
0.438406023 1
0.439362742 1
0.440319461 1
0.441276180 1
0.442232899 1
0.443189618 1
0.444146336 1
0.445103055 1
0.446059774 1
0.447016493 1
0.447973212 1
0.448929931 1
0.449886650 1
0.450843368 1
0.451800087 1
0.452756806 1
0.453713525 1
0.454670244 1
0.455626963 1
0.456583682 1
0.457540401 1
0.458497119 1
0.459453838 1
0.460410557 1
0.461367276 1
0.462323995 1
0.463280714 1
0.464237433 1
0.465194152 1
0.466150870 1
0.467107589 1
0.468064308 1
0.469021027 1
0.469977746 1
0.470934465 1
0.471891184 1
0.472847902 1
0.473804621 1
0.474761340 1
0.475718059 1
0.476674778 1
0.477631497 1
0.478588216 1
0.479544935 1
0.480501653 1
0.481458372 1
0.482415091 1
0.483371810 1
0.484328529 1
0.485285248 1
0.486241967 1
0.487198686 1
0.488155404 1
0.489112123 1
0.490068842 1
0.491025561 1
0.491982280 1
0.492938999 1
0.493895718 1
0.494852437 1
0.495809155 1
0.496765874 1
0.497722593 1
0.498679312 1
0.499636031 1
0.500592750 1
0.501549469 1
0.502506187 1
0.503462906 1
0.504419625 1
0.505376344 1
0.506333063 1
0.507289782 1
0.508246501 1
0.509203220 1
0.510159938 1
0.511116657 1
0.512073376 1
0.513030095 1
0.513986814 1
0.514943533 1
0.515900252 1
0.516856971 1
0.517813689 1
0.518770408 1
0.519727127 1
0.520683846 1
0.521640565 1
0.522597284 1
0.523554003 1
0.524510721 1
0.525467440 1
0.526424159 1
0.527380878 1
0.528337597 1
0.529294316 1
0.530251035 1
0.531207754 1
0.532164472 1
0.533121191 1
0.534077910 1
0.535034629 1
0.535991348 1
0.536948067 1
0.537904786 1
0.538861505 1
0.539818223 1
0.540774942 1
0.541731661 1
0.542688380 1
0.543645099 1
0.544601818 1
0.545558537 1
0.546515256 1
0.547471974 1
0.548428693 1
0.549385412 1
0.550342131 1
0.551298850 1
0.552255569 1
0.553212288 1
0.554169006 1
0.555125725 1
0.556082444 1
0.557039163 1
0.557995882 1
0.558952601 1
0.559909320 1
0.560866039 1
0.561822757 1
0.562779476 1
0.563736195 1
0.564692914 1
0.565649633 1
0.566606352 1
0.567563071 1
0.568519790 1
0.569476508 1
0.570433227 1
0.571389946 1
0.572346665 1
0.573303384 1
0.574260103 1
0.575216822 1
0.576173540 1
0.577130259 1
0.578086978 1
0.579043697 1
0.580000416 1
0.580957135 1
0.581913854 1
0.582870573 1
0.583827291 1
0.584784010 1
0.585740729 1
0.586697448 1
0.587654167 1
0.588610886 1
0.589567605 1
0.590524324 1
0.591481042 1
0.592437761 1
0.593394480 1
0.594351199 1
0.595307918 1
0.596264637 1
0.597221356 1
0.598178074 1
0.599134793 1
0.600091512 1
0.601048231 1
0.602004950 1
0.602961669 1
0.603918388 1
0.604875107 1
0.605831825 1
0.606788544 1
0.607745263 1
0.608701982 1
0.609658701 1
0.610615420 1
0.611572139 1
0.612528858 1
0.613485576 1
0.614442295 1
0.615399014 1
0.616355733 1
0.617312452 1
0.618269171 1
0.619225890 1
0.620182609 1
0.621139327 1
0.622096046 1
0.623052765 1
0.624009484 1
0.624966203 1
0.625922922 1
0.626879641 1
0.627836359 1
0.628793078 1
0.629749797 1
0.630706516 1
0.631663235 1
0.632619954 1
0.633576673 1
0.634533392 1
0.635490110 1
0.636446829 1
0.637403548 1
0.638360267 1
0.639316986 1
0.640273705 1
0.641230424 1
0.642187143 1
0.643143861 1
0.644100580 1
0.645057299 1
0.646014018 1
0.646970737 1
0.647927456 1
0.648884175 1
0.649840893 1
0.650797612 1
0.651754331 1
0.652711050 1
0.653667769 1
0.654624488 1
0.655581207 1
0.656537926 1
0.657494644 1
0.658451363 1
0.659408082 1
0.660364801 1
0.661321520 1
0.662278239 1
0.663234958 1
0.664191677 1
0.665148395 1
0.666105114 1
0.667061833 1
0.668018552 1
0.668975271 1
0.669931990 1
0.670888709 1
0.671845428 1
0.672802146 1
0.673758865 1
0.674715584 1
0.675672303 1
0.676629022 1
0.677585741 1
0.678542460 1
0.679499178 1
0.680455897 1
0.681412616 1
0.682369335 1
0.683326054 1
0.684282773 1
0.685239492 1
0.686196211 1
0.687152929 1
0.688109648 1
0.689066367 1
0.690023086 1
0.690979805 1
0.691936524 1
0.692893243 1
0.693849962 1
0.694806680 1
0.695763399 1
0.696720118 1
0.697676837 1
0.698633556 1
0.699590275 1
0.700546994 1
0.701503712 1
0.702460431 1
0.703417150 1
0.704373869 1
0.705330588 1
0.706287307 1
0.707244026 1
0.708200745 1
0.709157463 1
0.710114182 1
0.711070901 1
0.712027620 1
0.712984339 1
0.713941058 1
0.714897777 1
0.715854496 1
0.716811214 1
0.717767933 1
0.718724652 1
0.719681371 1
0.720638090 1
0.721594809 1
0.722551528 1
0.723508247 1
0.724464965 1
0.725421684 1
0.726378403 1
0.727335122 1
0.728291841 1
0.729248560 1
0.730205279 1
0.731161997 1
0.732118716 1
0.733075435 1
0.734032154 1
0.734988873 1
0.735945592 1
0.736902311 1
0.737859030 1
0.738815748 1
0.739772467 1
0.740729186 1
0.741685905 1
0.742642624 1
0.743599343 1
0.744556062 1
0.745512781 1
0.746469499 1
0.747426218 1
0.748382937 1
0.749339656 1
0.750296375 1
0.751253094 1
0.752209813 1
0.753166531 1
0.754123250 1
0.755079969 1
0.756036688 1
0.756993407 1
0.757950126 1
0.758906845 1
0.759863564 1
0.760820282 1
0.761777001 1
0.762733720 1
0.763690439 1
0.764647158 1
0.765603877 1
0.766560596 1
0.767517315 1
0.768474033 1
0.769430752 1
0.770387471 1
0.771344190 1
0.772300909 1
0.773257628 1
0.774214347 1
0.775171065 1
0.776127784 1
0.777084503 1
0.778041222 1
0.778997941 1
0.779954660 1
0.780911379 1
0.781868098 1
0.782824816 1
0.783781535 1
0.784738254 1
0.785694973 1
0.786651692 1
0.787608411 1
0.788565130 1
0.789521849 1
0.790478567 1
0.791435286 1
0.792392005 1
0.793348724 1
0.794305443 1
0.795262162 1
0.796218881 1
0.797175600 1
0.798132318 1
0.799089037 1
0.800045756 1
0.801002475 1
0.801959194 1
0.802915913 1
0.803872632 1
0.804829350 1
0.805786069 1
0.806742788 1
0.807699507 1
0.808656226 1
0.809612945 1
0.810569664 1
0.811526383 1
0.812483101 1
0.813439820 1
0.814396539 1
0.815353258 1
0.816309977 1
0.817266696 1
0.818223415 1
0.819180134 1
0.820136852 1
0.821093571 1
0.822050290 1
0.823007009 1
0.823963728 1
0.824920447 1
0.825877166 1
0.826833884 1
0.827790603 1
0.828747322 1
0.829704041 1
0.830660760 1
0.831617479 1
0.832574198 1
0.833530917 1
0.834487635 1
0.835444354 1
0.836401073 1
0.837357792 1
0.838314511 1
0.839271230 1
0.840227949 1
0.841184668 1
0.842141386 1
0.843098105 1
0.844054824 1
0.845011543 1
0.845968262 1
0.846924981 1
0.847881700 1
0.848838419 1
0.849795137 1
0.850751856 1
0.851708575 1
0.852665294 1
0.853622013 1
0.854578732 1
0.855535451 1
0.856492169 1
0.857448888 1
0.858405607 1
0.859362326 1
0.860319045 1
0.861275764 1
0.862232483 1
0.863189202 1
0.864145920 1
0.865102639 1
0.866059358 1
0.867016077 1
0.867972796 1
0.868929515 1
0.869886234 1
0.870842953 1
0.871799671 1
0.872756390 1
0.873713109 1
0.874669828 1
0.875626547 1
0.876583266 1
0.877539985 1
0.878496703 1
0.879453422 1
0.880410141 1
0.881366860 1
0.882323579 1
0.883280298 1
0.884237017 1
0.885193736 1
0.886150454 1
0.887107173 1
0.888063892 1
0.889020611 1
0.889977330 1
0.890934049 1
0.891890768 1
0.892847487 1
0.893804205 1
0.894760924 1
0.895717643 1
0.896674362 1
0.897631081 1
0.898587800 1
0.899544519 1
0.900501237 1
0.901457956 1
0.902414675 1
0.903371394 1
0.904328113 1
0.905284832 1
0.906241551 1
0.907198270 1
0.908154988 1
0.909111707 1
0.910068426 1
0.911025145 1
0.911981864 1
0.912938583 1
0.913895302 1
0.914852021 1
0.915808739 1
0.916765458 1
0.917722177 1
0.918678896 1
0.919635615 1
0.920592334 1
0.921549053 1
0.922505772 1
0.923462490 1
0.924419209 1
0.925375928 1
0.926332647 1
0.927289366 1
0.928246085 1
0.929202804 1
0.930159522 1
0.931116241 1
0.932072960 1
0.933029679 1
0.933986398 1
0.934943117 1
0.935899836 1
0.936856555 1
0.937813273 1
0.938769992 1
0.939726711 1
0.940683430 1
0.941640149 1
0.942596868 1
0.943553587 1
0.944510306 1
0.945467024 1
0.946423743 1
0.947380462 1
0.948337181 1
0.949293900 1
0.950250619 1
0.951207338 1
0.952164056 1
0.953120775 1
0.954077494 1
0.955034213 1
0.955990932 1
0.956947651 1
0.957904370 1
0.958861089 1
0.959817807 1
0.960774526 1
0.961731245 1
0.962687964 1
0.963644683 1
0.964601402 1
0.965558121 1
0.966514840 1
0.967471558 1
0.968428277 1
0.969384996 1
0.970341715 1
0.971298434 1
0.972255153 1
0.973211872 1
0.974168591 1
0.975125309 1
0.976082028 1
0.977038747 1
0.977995466 1
0.978952185 1
0.979908904 1
0.980865623 1
0.981822341 1
0.982779060 1
0.983735779 1
0.984692498 1
0.985649217 1
0.986605936 1
0.987562655 1
0.988519374 1
0.989476092 1
0.990432811 1
0.991389530 1
0.992346249 1
0.993302968 1
0.994259687 1
0.995216406 1
0.996173125 1
0.997129843 1
0.998086562 1
0.999043281 1
1.000000000 1
