0.021276596 1
0.036811888 1
0.052347180 1
0.067882472 1
0.083417764 1
0.098953056 1
0.114488349 1
0.130023641 1
0.145558933 1
0.161094225 1
0.176629517 1
0.192164809 1
0.207700101 1
0.223235393 1
0.238770686 1
0.254305978 1
0.269841270 1
0.285376562 1
0.300911854 1
0.316447146 1
0.331982438 1
0.347517730 1
0.363053023 1
0.378588315 1
0.394123607 1
0.409658899 1
0.425194191 1
0.440729483 1
0.456264775 1
0.471800068 1
0.487335360 1
0.502870652 1
0.518405944 1
0.533941236 1
0.549476528 1
0.565011820 1
0.580547112 1
0.596082405 1
0.611617697 1
0.627152989 1
0.642688281 1
0.658223573 1
0.673758865 1
0.689294157 1
0.704829450 1
0.720364742 1
0.735900034 1
0.751435326 1
0.766970618 1
0.782505910 1
0.798041202 1
0.813576494 1
0.829111787 1
0.844647079 1
0.860182371 1
0.875717663 1
0.891252955 1
0.906788247 1
0.922323539 1
0.937858831 1
0.953394124 1
0.968929416 1
0.984464708 1
1.000000000 1
