0.021276596 0
0.025114727 0
0.028952858 0
0.032790989 0
0.036629120 0
0.040467251 0
0.044305382 0
0.048143513 0
0.051981644 0
0.055819775 0
0.059657906 0
0.063496037 0
0.067334168 0
0.071172299 0
0.075010430 0
0.078848561 0
0.082686692 0
0.086524823 0
0.090362954 0
0.094201085 0
0.098039216 0
0.101877347 0
0.105715478 0
0.109553609 0
0.113391740 0
0.117229871 0
0.121068002 0
0.124906133 0
0.128744264 0
0.132582395 0
0.136420526 0
0.140258657 0
0.144096788 0
0.147934919 0
0.151773050 0
0.155611181 0
0.159449312 0
0.163287443 0
0.167125574 0
0.170963705 0
0.174801836 0
0.178639967 0
0.182478098 0
0.186316229 0
0.190154360 0
0.193992491 0
0.197830622 0
0.201668753 0
0.205506884 0
0.209345015 0
0.213183146 0
0.217021277 0
0.220859408 0
0.224697539 0
0.228535670 0
0.232373801 0
0.236211932 0
0.240050063 0
0.243888194 0
0.247726325 0
0.251564456 0
0.255402587 0
0.259240718 0
0.263078849 0
0.266916980 0
0.270755111 0
0.274593242 0
0.278431373 0
0.282269504 0
0.286107635 0
0.289945766 0
0.293783897 0
0.297622028 0
0.301460159 0
0.305298290 0
0.309136421 0
0.312974552 0
0.316812683 0
0.320650814 0
0.324488945 0
0.328327076 0
0.332165207 0
0.336003338 0
0.339841469 0
0.343679599 0
0.347517730 0
0.351355861 0
0.355193992 0
0.359032123 0
0.362870254 0
0.366708385 0
0.370546516 0
0.374384647 0
0.378222778 0
0.382060909 0
0.385899040 0
0.389737171 0
0.393575302 0
0.397413433 0
0.401251564 0
0.405089695 0
0.408927826 0
0.412765957 0
0.416604088 0
0.420442219 0
0.424280350 0
0.428118481 0
0.431956612 0
0.435794743 0
0.439632874 0
0.443471005 0
0.447309136 0
0.451147267 0
0.454985398 0
0.458823529 0
0.462661660 0
0.466499791 0
0.470337922 0
0.474176053 0
0.478014184 0
0.481852315 0
0.485690446 0
0.489528577 0
0.493366708 0
0.497204839 0
0.501042970 0
0.504881101 0
0.508719232 0
0.512557363 0
0.516395494 0
0.520233625 0
0.524071756 0
0.527909887 0
0.531748018 0
0.535586149 0
0.539424280 0
0.543262411 0
0.547100542 0
0.550938673 0
0.554776804 0
0.558614935 0
0.562453066 0
0.566291197 0
0.570129328 0
0.573967459 0
0.577805590 0
0.581643721 0
0.585481852 0
0.589319983 0
0.593158114 0
0.596996245 0
0.600834376 0
0.604672507 0
0.608510638 0
0.612348769 0
0.616186900 0
0.620025031 0
0.623863162 0
0.627701293 0
0.631539424 0
0.635377555 0
0.639215686 0
0.643053817 0
0.646891948 0
0.650730079 0
0.654568210 0
0.658406341 0
0.662244472 0
0.666082603 0
0.669920734 0
0.673758865 0
0.677596996 0
0.681435127 0
0.685273258 0
0.689111389 0
0.692949520 0
0.696787651 0
0.700625782 0
0.704463913 0
0.708302044 0
0.712140175 0
0.715978306 0
0.719816437 0
0.723654568 0
0.727492699 0
0.731330830 0
0.735168961 0
0.739007092 0
0.742845223 0
0.746683354 0
0.750521485 0
0.754359616 0
0.758197747 0
0.762035878 0
0.765874009 0
0.769712140 0
0.773550271 0
0.777388402 0
0.781226533 0
0.785064664 0
0.788902795 0
0.792740926 0
0.796579057 0
0.800417188 0
0.804255319 0
0.808093450 0
0.811931581 0
0.815769712 0
0.819607843 0
0.823445974 0
0.827284105 0
0.831122236 0
0.834960367 0
0.838798498 0
0.842636629 0
0.846474760 0
0.850312891 0
0.854151022 0
0.857989153 0
0.861827284 0
0.865665415 0
0.869503546 0
0.873341677 0
0.877179808 0
0.881017939 0
0.884856070 0
0.888694201 0
0.892532332 0
0.896370463 0
0.900208594 0
0.904046725 0
0.907884856 0
0.911722987 0
0.915561118 0
0.919399249 0
0.923237380 0
0.927075511 0
0.930913642 0
0.934751773 0
0.938589904 0
0.942428035 0
0.946266166 0
0.950104297 0
0.953942428 0
0.957780559 0
0.961618690 0
0.965456821 0
0.969294952 0
0.973133083 0
0.976971214 0
0.980809345 0
0.984647476 0
0.988485607 0
0.992323738 0
0.996161869 0
1.000000000 1
