0.0219317545 1
0.0240583197 0
0.0263910923 0
0.0289500717 0
0.0317571994 0
0.0348365475 0
0.0382145275 0
0.041920119 0
0.0459851224 0
0.050444437 0
0.0553363682 1
0.0607029683 0
0.0665904141 0
0.0730494276 0
0.0801357478 0
0.0879106611 0
0.0964416031 0
0.105802848 0
0.116076304 0
0.127352452 0
0.139731454 0
0.153324504 0
0.168255487 1
0.184663064 0
0.202703356 0
0.222553432 0
0.24441596 0
0.267668583 0
0.290221472 0
0.312097121 0
0.333411995 0
0.35425973 0
0.374717422 0
0.394849831 0
0.414712296 0
0.434352807 1
0.453813525 0
0.473131917 0
0.492341619 0
0.511473107 0
0.530554225 0
0.549610602 0
0.568665994 0
0.587742558 1
0.606861079 0
0.626041162 0
0.645301391 0
0.66465946 0
0.684132288 0
0.703736121 0
0.723486613 0
0.7433989 0
0.763487665 1
0.783767195 0
0.804251431 0
0.82495401 0
0.845888309 0
0.867067476 0
0.888504466 0
0.910212068 0
0.932202931 0
0.954489589 0
0.984464708 0
1. 1
