0.021276596 1
0.028983079 1
0.036689563 1
0.044396046 1
0.052102530 1
0.059809013 1
0.067515497 1
0.075221980 1
0.082928464 1
0.090634947 1
0.098341431 1
0.106047914 1
0.113754398 1
0.121460881 1
0.129167365 1
0.136873848 1
0.144580332 1
0.152286815 1
0.159993299 1
0.167699782 1
0.175406266 1
0.183112749 1
0.190819233 1
0.198525716 1
0.206232200 1
0.213938683 1
0.221645167 1
0.229351650 1
0.237058134 1
0.244764617 1
0.252471101 1
0.260177584 1
0.267884068 1
0.275590551 1
0.283297035 1
0.291003518 1
0.298710002 1
0.306416485 1
0.314122969 1
0.321829452 1
0.329535936 1
0.337242419 1
0.344948903 1
0.352655386 1
0.360361870 1
0.368068353 1
0.375774837 1
0.383481320 1
0.391187804 1
0.398894287 1
0.406600771 1
0.414307254 1
0.422013738 1
0.429720221 1
0.437426705 1
0.445133188 1
0.452839672 1
0.460546155 1
0.468252639 1
0.475959122 1
0.483665606 1
0.491372089 1
0.499078573 1
0.506785056 1
0.514491540 1
0.522198023 1
0.529904507 1
0.537610990 1
0.545317474 1
0.553023957 1
0.560730441 1
0.568436924 1
0.576143408 1
0.583849891 1
0.591556375 1
0.599262858 1
0.606969342 1
0.614675825 1
0.622382309 1
0.630088792 1
0.637795276 1
0.645501759 1
0.653208243 1
0.660914726 1
0.668621210 1
0.676327693 1
0.684034177 1
0.691740660 1
0.699447144 1
0.707153627 1
0.714860111 1
0.722566594 1
0.730273078 1
0.737979561 1
0.745686045 1
0.753392528 1
0.761099012 1
0.768805495 1
0.776511979 1
0.784218462 1
0.791924946 1
0.799631429 1
0.807337913 1
0.815044396 1
0.822750880 1
0.830457363 1
0.838163847 1
0.845870330 1
0.853576814 1
0.861283297 1
0.868989781 1
0.876696264 1
0.884402748 1
0.892109231 1
0.899815715 1
0.907522198 1
0.915228682 1
0.922935165 1
0.930641649 1
0.938348132 1
0.946054616 1
0.953761099 1
0.961467583 1
0.969174066 1
0.976880550 1
0.984587033 1
0.992293517 1
1.000000000 1
