0.021276596 1
0.023191906 1
0.025107216 1
0.027022526 1
0.028937836 1
0.030853146 1
0.032768456 1
0.034683766 1
0.036599076 1
0.038514386 1
0.040429696 1
0.042345006 1
0.044260316 1
0.046175626 1
0.048090936 1
0.050006246 1
0.051921556 1
0.053836866 1
0.055752176 1
0.057667486 1
0.059582796 1
0.061498106 1
0.063413415 1
0.065328725 1
0.067244035 1
0.069159345 1
0.071074655 1
0.072989965 1
0.074905275 1
0.076820585 1
0.078735895 1
0.080651205 1
0.082566515 1
0.084481825 1
0.086397135 1
0.088312445 1
0.090227755 1
0.092143065 1
0.094058375 1
0.095973685 1
0.097888995 1
0.099804305 1
0.101719615 1
0.103634925 1
0.105550235 1
0.107465545 1
0.109380855 1
0.111296165 1
0.113211475 1
0.115126785 1
0.117042095 1
0.118957405 1
0.120872715 1
0.122788025 1
0.124703335 1
0.126618645 1
0.128533955 1
0.130449265 1
0.132364575 1
0.134279885 1
0.136195195 1
0.138110505 1
0.140025815 1
0.141941125 1
0.143856435 1
0.145771745 1
0.147687055 1
0.149602365 1
0.151517675 1
0.153432985 1
0.155348295 1
0.157263605 1
0.159178915 1
0.161094225 1
0.163009535 1
0.164924845 1
0.166840155 1
0.168755465 1
0.170670775 1
0.172586085 1
0.174501395 1
0.176416705 1
0.178332015 1
0.180247325 1
0.182162635 1
0.184077945 1
0.185993255 1
0.187908565 1
0.189823875 1
0.191739185 1
0.193654495 1
0.195569805 1
0.197485115 1
0.199400425 1
0.201315735 1
0.203231045 1
0.205146355 1
0.207061665 1
0.208976975 1
0.210892285 1
0.212807595 1
0.214722905 1
0.216638215 1
0.218553525 1
0.220468835 1
0.222384145 1
0.224299455 1
0.226214765 1
0.228130075 1
0.230045385 1
0.231960695 1
0.233876004 1
0.235791314 1
0.237706624 1
0.239621934 1
0.241537244 1
0.243452554 1
0.245367864 1
0.247283174 1
0.249198484 1
0.251113794 1
0.253029104 1
0.254944414 1
0.256859724 1
0.258775034 1
0.260690344 1
0.262605654 1
0.264520964 1
0.266436274 1
0.268351584 1
0.270266894 1
0.272182204 1
0.274097514 1
0.276012824 1
0.277928134 1
0.279843444 1
0.281758754 1
0.283674064 1
0.285589374 1
0.287504684 1
0.289419994 1
0.291335304 1
0.293250614 1
0.295165924 1
0.297081234 1
0.298996544 1
0.300911854 1
0.302827164 1
0.304742474 1
0.306657784 1
0.308573094 1
0.310488404 1
0.312403714 1
0.314319024 1
0.316234334 1
0.318149644 1
0.320064954 1
0.321980264 1
0.323895574 1
0.325810884 1
0.327726194 1
0.329641504 1
0.331556814 1
0.333472124 1
0.335387434 1
0.337302744 1
0.339218054 1
0.341133364 1
0.343048674 1
0.344963984 1
0.346879294 1
0.348794604 1
0.350709914 1
0.352625224 1
0.354540534 1
0.356455844 1
0.358371154 1
0.360286464 1
0.362201774 1
0.364117084 1
0.366032394 1
0.367947704 1
0.369863014 1
0.371778324 1
0.373693634 1
0.375608944 1
0.377524254 1
0.379439564 1
0.381354874 1
0.383270184 1
0.385185494 1
0.387100804 1
0.389016114 1
0.390931424 1
0.392846734 1
0.394762044 1
0.396677354 1
0.398592664 1
0.400507974 1
0.402423284 1
0.404338593 1
0.406253903 1
0.408169213 1
0.410084523 1
0.411999833 1
0.413915143 1
0.415830453 1
0.417745763 1
0.419661073 1
0.421576383 1
0.423491693 1
0.425407003 1
0.427322313 1
0.429237623 1
0.431152933 1
0.433068243 1
0.434983553 1
0.436898863 1
0.438814173 1
0.440729483 1
0.442644793 1
0.444560103 1
0.446475413 1
0.448390723 1
0.450306033 1
0.452221343 1
0.454136653 1
0.456051963 1
0.457967273 1
0.459882583 1
0.461797893 1
0.463713203 1
0.465628513 1
0.467543823 1
0.469459133 1
0.471374443 1
0.473289753 1
0.475205063 1
0.477120373 1
0.479035683 1
0.480950993 1
0.482866303 1
0.484781613 1
0.486696923 1
0.488612233 1
0.490527543 1
0.492442853 1
0.494358163 1
0.496273473 1
0.498188783 1
0.500104093 1
0.502019403 1
0.503934713 1
0.505850023 1
0.507765333 1
0.509680643 1
0.511595953 1
0.513511263 1
0.515426573 1
0.517341883 1
0.519257193 1
0.521172503 1
0.523087813 1
0.525003123 1
0.526918433 1
0.528833743 1
0.530749053 1
0.532664363 1
0.534579673 1
0.536494983 1
0.538410293 1
0.540325603 1
0.542240913 1
0.544156223 1
0.546071533 1
0.547986843 1
0.549902153 1
0.551817463 1
0.553732773 1
0.555648083 1
0.557563393 1
0.559478703 1
0.561394013 1
0.563309323 1
0.565224633 1
0.567139943 1
0.569055253 1
0.570970563 1
0.572885873 1
0.574801182 1
0.576716492 1
0.578631802 1
0.580547112 1
0.582462422 1
0.584377732 1
0.586293042 1
0.588208352 1
0.590123662 1
0.592038972 1
0.593954282 1
0.595869592 1
0.597784902 1
0.599700212 1
0.601615522 1
0.603530832 1
0.605446142 1
0.607361452 1
0.609276762 1
0.611192072 1
0.613107382 1
0.615022692 1
0.616938002 1
0.618853312 1
0.620768622 1
0.622683932 1
0.624599242 1
0.626514552 1
0.628429862 1
0.630345172 1
0.632260482 1
0.634175792 1
0.636091102 1
0.638006412 1
0.639921722 1
0.641837032 1
0.643752342 1
0.645667652 1
0.647582962 1
0.649498272 1
0.651413582 1
0.653328892 1
0.655244202 1
0.657159512 1
0.659074822 1
0.660990132 1
0.662905442 1
0.664820752 1
0.666736062 1
0.668651372 1
0.670566682 1
0.672481992 1
0.674397302 1
0.676312612 1
0.678227922 1
0.680143232 1
0.682058542 1
0.683973852 1
0.685889162 1
0.687804472 1
0.689719782 1
0.691635092 1
0.693550402 1
0.695465712 1
0.697381022 1
0.699296332 1
0.701211642 1
0.703126952 1
0.705042262 1
0.706957572 1
0.708872882 1
0.710788192 1
0.712703502 1
0.714618812 1
0.716534122 1
0.718449432 1
0.720364742 1
0.722280052 1
0.724195362 1
0.726110672 1
0.728025982 1
0.729941292 1
0.731856602 1
0.733771912 1
0.735687222 1
0.737602532 1
0.739517842 1
0.741433152 1
0.743348462 1
0.745263771 1
0.747179081 1
0.749094391 1
0.751009701 1
0.752925011 1
0.754840321 1
0.756755631 1
0.758670941 1
0.760586251 1
0.762501561 1
0.764416871 1
0.766332181 1
0.768247491 1
0.770162801 1
0.772078111 1
0.773993421 1
0.775908731 1
0.777824041 1
0.779739351 1
0.781654661 1
0.783569971 1
0.785485281 1
0.787400591 1
0.789315901 1
0.791231211 1
0.793146521 1
0.795061831 1
0.796977141 1
0.798892451 1
0.800807761 1
0.802723071 1
0.804638381 1
0.806553691 1
0.808469001 1
0.810384311 1
0.812299621 1
0.814214931 1
0.816130241 1
0.818045551 1
0.819960861 1
0.821876171 1
0.823791481 1
0.825706791 1
0.827622101 1
0.829537411 1
0.831452721 1
0.833368031 1
0.835283341 1
0.837198651 1
0.839113961 1
0.841029271 1
0.842944581 1
0.844859891 1
0.846775201 1
0.848690511 1
0.850605821 1
0.852521131 1
0.854436441 1
0.856351751 1
0.858267061 1
0.860182371 1
0.862097681 1
0.864012991 1
0.865928301 1
0.867843611 1
0.869758921 1
0.871674231 1
0.873589541 1
0.875504851 1
0.877420161 1
0.879335471 1
0.881250781 1
0.883166091 1
0.885081401 1
0.886996711 1
0.888912021 1
0.890827331 1
0.892742641 1
0.894657951 1
0.896573261 1
0.898488571 1
0.900403881 1
0.902319191 1
0.904234501 1
0.906149811 1
0.908065121 1
0.909980431 1
0.911895741 1
0.913811051 1
0.915726360 1
0.917641670 1
0.919556980 1
0.921472290 1
0.923387600 1
0.925302910 1
0.927218220 1
0.929133530 1
0.931048840 1
0.932964150 1
0.934879460 1
0.936794770 1
0.938710080 1
0.940625390 1
0.942540700 1
0.944456010 1
0.946371320 1
0.948286630 1
0.950201940 1
0.952117250 1
0.954032560 1
0.955947870 1
0.957863180 1
0.959778490 1
0.961693800 1
0.963609110 1
0.965524420 1
0.967439730 1
0.969355040 1
0.971270350 1
0.973185660 1
0.975100970 1
0.977016280 1
0.978931590 1
0.980846900 1
0.982762210 1
0.984677520 1
0.986592830 1
0.988508140 1
0.990423450 1
0.992338760 1
0.994254070 1
0.996169380 1
0.998084690 1
1.000000000 1
