0.021276596 1
0.025114727 1
0.028952858 1
0.032790989 1
0.036629120 1
0.040467251 1
0.044305382 1
0.048143513 1
0.051981644 1
0.055819775 1
0.059657906 1
0.063496037 1
0.067334168 1
0.071172299 1
0.075010430 1
0.078848561 1
0.082686692 1
0.086524823 1
0.090362954 1
0.094201085 1
0.098039216 1
0.101877347 1
0.105715478 1
0.109553609 1
0.113391740 1
0.117229871 1
0.121068002 1
0.124906133 1
0.128744264 1
0.132582395 1
0.136420526 1
0.140258657 1
0.144096788 1
0.147934919 1
0.151773050 1
0.155611181 1
0.159449312 1
0.163287443 1
0.167125574 1
0.170963705 1
0.174801836 1
0.178639967 1
0.182478098 1
0.186316229 1
0.190154360 1
0.193992491 1
0.197830622 1
0.201668753 1
0.205506884 1
0.209345015 1
0.213183146 1
0.217021277 1
0.220859408 1
0.224697539 1
0.228535670 1
0.232373801 1
0.236211932 1
0.240050063 1
0.243888194 1
0.247726325 1
0.251564456 1
0.255402587 1
0.259240718 1
0.263078849 1
0.266916980 1
0.270755111 1
0.274593242 1
0.278431373 1
0.282269504 1
0.286107635 1
0.289945766 1
0.293783897 1
0.297622028 1
0.301460159 1
0.305298290 1
0.309136421 1
0.312974552 1
0.316812683 1
0.320650814 1
0.324488945 1
0.328327076 1
0.332165207 1
0.336003338 1
0.339841469 1
0.343679599 1
0.347517730 1
0.351355861 1
0.355193992 1
0.359032123 1
0.362870254 1
0.366708385 1
0.370546516 1
0.374384647 1
0.378222778 1
0.382060909 1
0.385899040 1
0.389737171 1
0.393575302 1
0.397413433 1
0.401251564 1
0.405089695 1
0.408927826 1
0.412765957 1
0.416604088 1
0.420442219 1
0.424280350 1
0.428118481 1
0.431956612 1
0.435794743 1
0.439632874 1
0.443471005 1
0.447309136 1
0.451147267 1
0.454985398 1
0.458823529 1
0.462661660 1
0.466499791 1
0.470337922 1
0.474176053 1
0.478014184 1
0.481852315 1
0.485690446 1
0.489528577 1
0.493366708 1
0.497204839 1
0.501042970 1
0.504881101 1
0.508719232 1
0.512557363 1
0.516395494 1
0.520233625 1
0.524071756 1
0.527909887 1
0.531748018 1
0.535586149 1
0.539424280 1
0.543262411 1
0.547100542 1
0.550938673 1
0.554776804 1
0.558614935 1
0.562453066 1
0.566291197 1
0.570129328 1
0.573967459 1
0.577805590 1
0.581643721 1
0.585481852 1
0.589319983 1
0.593158114 1
0.596996245 1
0.600834376 1
0.604672507 1
0.608510638 1
0.612348769 1
0.616186900 1
0.620025031 1
0.623863162 1
0.627701293 1
0.631539424 1
0.635377555 1
0.639215686 1
0.643053817 1
0.646891948 1
0.650730079 1
0.654568210 1
0.658406341 1
0.662244472 1
0.666082603 1
0.669920734 1
0.673758865 1
0.677596996 1
0.681435127 1
0.685273258 1
0.689111389 1
0.692949520 1
0.696787651 1
0.700625782 1
0.704463913 1
0.708302044 1
0.712140175 1
0.715978306 1
0.719816437 1
0.723654568 1
0.727492699 1
0.731330830 1
0.735168961 1
0.739007092 1
0.742845223 1
0.746683354 1
0.750521485 1
0.754359616 1
0.758197747 1
0.762035878 1
0.765874009 1
0.769712140 1
0.773550271 1
0.777388402 1
0.781226533 1
0.785064664 1
0.788902795 1
0.792740926 1
0.796579057 1
0.800417188 1
0.804255319 1
0.808093450 1
0.811931581 1
0.815769712 1
0.819607843 1
0.823445974 1
0.827284105 1
0.831122236 1
0.834960367 1
0.838798498 1
0.842636629 1
0.846474760 1
0.850312891 1
0.854151022 1
0.857989153 1
0.861827284 1
0.865665415 1
0.869503546 1
0.873341677 1
0.877179808 1
0.881017939 1
0.884856070 1
0.888694201 1
0.892532332 1
0.896370463 1
0.900208594 1
0.904046725 1
0.907884856 1
0.911722987 1
0.915561118 1
0.919399249 1
0.923237380 1
0.927075511 1
0.930913642 1
0.934751773 1
0.938589904 1
0.942428035 1
0.946266166 1
0.950104297 1
0.953942428 1
0.957780559 1
0.961618690 1
0.965456821 1
0.969294952 1
0.973133083 1
0.976971214 1
0.980809345 1
0.984647476 1
0.988485607 1
0.992323738 1
0.996161869 1
1.000000000 1
